trainRerr =

    0.1657


valRerr =

    0.1699


testRerr =

    0.1687
