trainRerr =

    0.1740


valRerr =

    0.1737


testRerr =

    0.1797
