trainRerr =

    1.8367


valRerr =

    1.8153


testRerr =

    1.8039
